74 83 38 24 27 3 36 48 93 85 87 4 29 3 62 71 91 18 82 69
5 66 100 60 35 55 97 58 82 7 82 27 39 15 41 36 24 68 42 85
13 16 65 75 52 79 46 21 95 82 45 82 24 72 59 89 10 11 32 48
37 54 86 62 11 53 51 28 37 64 87 79 40 67 49 62 85 38 24 95
11 78 13 66 12 36 65 76 35 28 72 71 7 98 76 100 39 71 32 75
86 8 85 79 31 23 66 94 10 91 80 47 88 70 91 46 90 19 19 62
87 86 100 59 30 69 82 35 38 2 13 27 88 94 30 73 48 47 24 38
76 90 18 19 88 86 85 57 98 55 99 88 96 20 56 73 36 61 93 22
61 3 96 71 3 95 48 38 69 69 92 7 59 48 46 66 1 20 81 60
35 81 63 67 33 82 22 50 64 22 98 25 35 83 15 65 79 36 16 28
62 48 91 53 76 26 64 97 67 84 62 18 39 51 55 17 31 73 60 98
72 55 62 22 7 62 27 25 55 77 68 70 34 92 73 42 27 1 100 95
71 21 64 1 71 35 15 23 35 69 84 88 73 87 31 84 37 82 40 32
64 26 92 6 97 22 83 65 60 24 33 65 28 1 21 37 45 80 40 21
50 73 80 58 31 24 54 36 97 13 81 83 84 17 73 46 33 42 40 82
79 10 37 19 14 36 93 52 22 21 49 51 41 73 6 97 52 10 41 52
88 25 23 92 7 86 49 59 62 84 40 26 11 3 38 41 37 68 29 34
3 31 31 72 62 9 56 33 90 23 54 3 31 61 80 90 98 5 18 11
10 94 17 8 49 95 69 56 36 27 33 35 23 82 54 94 73 18 26 81
