11 56 54 19 71 30 14 80 90 46 6 56 100 53 1 92 33 21 27
6 50 13 91 87 43 74 18 54 21 78 22 16 49 38 56 62 16 96
70 87 14 62 23 68 88 14 44 33 100 30 37 51 89 15 34 41 48
30 85 33 97 64 28 42 1 78 3 64 99 89 56 92 50 65 32 62
44 58 9 42 2 15 61 96 16 38 53 35 27 22 69 24 91 55 97
24 34 40 34 98 93 64 19 87 23 36 34 61 57 57 86 61 6 3
17 66 93 69 100 33 59 72 49 45 73 55 79 89 13 94 59 93 8
3 55 22 57 78 5 63 86 70 14 32 46 18 56 69 70 39 17 25
48 82 56 91 11 6 60 61 47 96 84 3 78 55 96 44 33 43 43
1 83 80 91 51 67 71 30 44 56 2 7 96 89 84 1 12 57 24
76 47 19 59 40 84 70 59 72 56 47 83 32 16 56 57 46 82 68
97 54 63 65 31 87 36 18 13 88 90 31 26 74 79 74 58 92 34
74 90 8 87 89 36 93 22 89 16 27 77 50 79 8 39 92 62 71
21 78 51 1 53 70 98 26 63 14 13 13 28 36 79 25 34 4 45
50 13 46 37 55 41 69 61 38 97 3 74 2 33 83 31 4 26 96
23 15 18 19 74 38 98 100 71 9 5 59 22 25 52 78 38 7 55
34 94 9 98 26 17 41 84 80 92 7 74 25 52 59 83 63 75 72
34 2 81 70 38 53 57 27 80 5 10 51 15 11 11 78 54 25 96
47 5 70 53 85 26 23 76 42 41 51 36 99 23 35 85 75 69 25
76 85 15 56 11 73 59 70 39 84 59 63 87 65 29 57 100 19 46
